35 105 110 99 108 117 100 101 32 60 115 116 100 105 111 46 104 62 
10 35 105 110 99 108 117 100 101 32 60 115 116 100 108 105 98 46 104 62 
10 35 105 110 99 108 117 100 101 32 60 102 99 110 116 108 46 104 62 
10 35 105 110 99 108 117 100 101 32 60 117 110 105 115 116 100 46 104 62 
10 35 100 101 102 105 110 101 32 70 73 76 69 95 77 79 68 69 32 40 83 95 73 82 85 83 82 32 124 32 83 95 73 87 85 83 82 32 124 32 83 95 73 82 71 82 80 32 124 32 83 95 73 87 71 82 80 32 124 32 83 95 73 82 79 84 72 32 124 32 83 95 73 87 79 84 72 41 
10 
10 118 111 105 100 32 101 114 114 111 114 95 115 121 115 40 99 104 97 114 32 42 115 116 114 41 
10 123 
10 32 32 32 32 112 114 105 110 116 102 40 34 37 115 34 44 32 115 116 114 41 59 
10 32 32 32 32 101 120 105 116 40 49 41 59 
10 125 
10 
10 105 110 116 32 109 97 105 110 40 105 110 116 32 97 114 103 99 44 32 99 104 97 114 42 32 97 114 103 118 91 93 41 
10 123 
10 32 32 32 32 105 102 40 97 114 103 99 32 60 32 51 41 
10 32 32 32 32 123 
10 32 32 32 32 32 32 32 32 101 114 114 111 114 95 115 121 115 40 34 69 114 114 111 114 49 34 41 59 
10 32 32 32 32 125 
10 
10 32 32 32 32 105 110 116 32 105 110 44 32 111 117 116 44 32 110 101 119 59 
10 32 32 32 32 99 104 97 114 32 98 117 102 59 
10 
10 
10 32 32 32 32 105 102 40 40 105 110 32 61 32 111 112 101 110 40 97 114 103 118 91 49 93 44 32 79 95 82 68 79 78 76 89 41 41 32 60 32 48 41 
10 32 32 32 32 123 
10 32 32 32 32 32 32 32 32 101 114 114 111 114 95 115 121 115 40 34 69 114 114 111 114 50 34 41 59 
10 32 32 32 32 125 
10 32 32 32 32 105 102 40 40 111 117 116 32 61 32 111 112 101 110 40 97 114 103 118 91 50 93 44 32 79 95 67 82 69 65 84 32 124 32 79 95 69 88 67 76 32 124 32 79 95 87 82 79 78 76 89 44 32 70 73 76 69 95 77 79 68 69 41 41 32 60 32 48 41 
10 32 32 32 32 123 
10 32 32 32 32 32 32 32 32 101 114 114 111 114 95 115 121 115 40 34 69 114 114 111 114 51 34 41 59 
10 32 32 32 32 125 
10 32 32 32 32 105 102 40 40 110 101 119 32 61 32 100 117 112 50 40 111 117 116 44 32 49 41 41 32 60 32 48 41 
10 32 32 32 32 123 
10 32 32 32 32 32 32 32 32 101 114 114 111 114 95 115 121 115 40 34 101 114 114 111 114 34 41 59 
10 32 32 32 32 125 
10 32 32 32 32 105 102 40 105 110 32 33 61 32 45 49 41 
10 32 32 32 32 123 
10 32 32 32 32 32 32 32 32 119 104 105 108 101 40 40 114 101 97 100 40 105 110 44 32 38 98 117 102 44 32 49 41 41 32 62 32 48 41 
10 32 32 32 32 32 32 32 32 123 
10 32 32 32 32 32 32 32 32 32 32 32 32 105 102 40 98 117 102 32 61 61 32 49 48 41 
10 32 32 32 32 32 32 32 32 32 32 32 32 123 32 
10 32 32 32 32 32 32 32 32 32 32 32 32 32 32 32 32 112 114 105 110 116 102 40 34 92 110 34 41 59 
10 32 32 32 32 32 32 32 32 32 32 32 32 125 
10 32 32 32 32 32 32 32 32 32 32 32 32 105 102 40 98 117 102 32 61 61 32 34 32 34 41 
10 32 32 32 32 32 32 32 32 32 32 32 32 123 
10 32 32 32 32 32 32 32 32 32 32 32 32 32 32 32 32 112 114 105 110 116 102 40 34 37 100 32 34 44 32 40 105 110 116 41 98 117 102 41 59 
10 32 32 32 32 32 32 32 32 32 32 32 32 125 
10 32 32 32 32 32 32 32 32 32 32 32 32 112 114 105 110 116 102 40 34 37 100 32 34 44 32 98 117 102 41 59 
10 32 32 32 32 32 32 32 32 125 
10 32 32 32 32 125 
10 32 32 32 32 101 108 115 101 
10 32 32 32 32 123 
10 32 32 32 32 32 32 32 32 101 114 114 111 114 95 115 121 115 40 34 101 114 114 111 114 34 41 59 
10 32 32 32 32 125 
10 32 32 32 32 99 108 111 115 101 40 105 110 41 59 
10 32 32 32 32 99 108 111 115 101 40 111 117 116 41 59 
10 32 32 32 32 114 101 116 117 114 110 32 48 59 
10 125 
10 
