                   
                   
                   
                   
                    
                      
                    
 
                        
  
                       
          1  
  
 
                                 
  
                5 
      
                              
      
 
                        
              
 
                        1                0 
      
                                  
      
                       2                    0777      0 
      
                                 
      
                       3                    0777      0 
      
                                 
      
                       4                    0777      0 
      
                                 
      
                       5                    0777      0 
      
                                 
      
 
     
 
                           1     0 
      
                        10 
          
                            1  
                            1  
                            1  
          
                           32 
             
                               1  
                               1  
                               1  
             
                        97                122                65                90 
          
                            1  
          
             
          
                           1  
          
                        48                57 
          
                            1  
          
             
          
                           1  
          
                        33                47                58                64                91                96                123                127 
          
                            1  
          
             
          
                           1  
          
      
     
                  0               0 
      
                                
      
 
                          1     0 
      
                        1  
      
                  0               0 
      
                                
      
                          1     0 
      
                        1  
      
 
               
              
              
              
              
 
            0 
 
  
